Wgg Fit full_fit 2014-12-11
imax 6 number of channels
jmax 3 number of backgrounds
kmax 22 number of systematics
Observation 36.000000  59.000000  30.000000  58.000000  106.000000  47.000000
bin 1  1  1  1  2  2  2  2  3  3  3  3  4  4  4  4  5  5  5  5  6  6  6  6
process signal  Zgg  jetfake  elefake  signal  Zgg  jetfake  elefake  signal  Zgg  jetfake  elefake  signal  Zgg  jetfake  elefake  signal  Zgg  jetfake  elefake  signal  Zgg  jetfake  elefake
process 0  1  2  3  0  1  2  3  0  1  2  3  0  1  2  3  0  1  2  3  0  1  2  3
rate 1.287939  2.225788  16.482419  -0.335717  5.233766  3.618093  27.775877  13.372144  1.392631  2.796422  15.845036  4.767464  2.999153  4.968648  35.512363  0.000000  8.492424  23.220495  59.495268  0.000000  2.838320  3.162505  35.109009  0.000000
0  lnN  1.000000  1.000000  1.162249  4.229507  1.000000  1.000000  1.000000  1.000000  1.000000  1.000000  1.000000  1.000000  1.000000  1.000000  1.000000  1.000000  1.000000  1.000000  1.000000  1.000000  1.000000  1.000000  1.000000  1.000000  Syst_jetfake__egg__sum_EB-EE_15-25 
1  lnN  1.000000  1.000000  1.000000  1.000000  1.000000  1.000000  1.000000  1.000000  1.000000  1.000000  1.000000  1.000000  1.000000  1.000000  1.059990  1.000000  1.000000  1.000000  1.000000  1.000000  1.000000  1.000000  1.000000  1.000000  Stat_jetfake__mgg__sum_EB-EE_15-25 
2  lnN  1.000000  1.000000  1.000000  3.547395  1.000000  1.000000  1.000000  1.000000  1.000000  1.000000  1.000000  1.000000  1.000000  1.000000  1.000000  1.000000  1.000000  1.000000  1.000000  1.000000  1.000000  1.000000  1.000000  1.000000  EleSyst_elefake__egg_EB-EE_15-25 
3  lnN  1.000000  1.000000  1.000000  1.000000  1.000000  1.000000  1.000000  1.065350  1.000000  1.000000  1.000000  1.000000  1.000000  1.000000  1.000000  1.000000  1.000000  1.000000  1.000000  1.000000  1.000000  1.000000  1.000000  1.000000  EleSyst_elefake__egg_EB-EB_15-25 
4  lnN  1.000000  1.000000  1.000000  1.000000  1.000000  1.000000  1.000000  1.000000  1.000000  1.000000  1.000000  1.000000  1.000000  1.000000  1.141749  1.000000  1.000000  1.000000  1.000000  1.000000  1.000000  1.000000  1.000000  1.000000  Syst_jetfake__mgg__sum_EB-EE_15-25 
5  lnN  1.000000  1.000000  1.000000  1.000000  1.000000  1.000000  1.000000  1.000000  1.000000  1.000000  1.067949  1.000000  1.000000  1.000000  1.000000  1.000000  1.000000  1.000000  1.000000  1.000000  1.000000  1.000000  1.000000  1.000000  Stat_jetfake__egg__sum_EE-EB_15-25 
6  lnN  1.000000  1.000000  1.000000  1.000000  1.000000  1.000000  1.000000  1.000000  1.000000  1.000000  1.000000  1.528456  1.000000  1.000000  1.000000  1.000000  1.000000  1.000000  1.000000  1.000000  1.000000  1.000000  1.000000  1.000000  Stat_elefake__egg_EE-EB_15-25 
7  lnN  1.000000  1.000000  1.062053  1.000000  1.000000  1.000000  1.000000  1.000000  1.000000  1.000000  1.000000  1.000000  1.000000  1.000000  1.000000  1.000000  1.000000  1.000000  1.000000  1.000000  1.000000  1.000000  1.000000  1.000000  Stat_jetfake__egg__sum_EB-EE_15-25 
8  lnN  1.000000  1.000000  1.000000  1.000000  1.000000  1.000000  1.000000  1.000000  1.000000  1.000000  1.000000  1.000000  1.000000  1.000000  1.000000  1.000000  1.000000  1.000000  1.040228  1.000000  1.000000  1.000000  1.000000  1.000000  Stat_jetfake__mgg__sum_EB-EB_15-25 
9  lnN  1.000000  1.000000  1.000000  1.000000  1.000000  1.000000  1.000000  1.000000  1.000000  1.000000  1.000000  1.000000  1.000000  1.000000  1.000000  1.000000  1.000000  1.000000  1.132463  1.000000  1.000000  1.000000  1.000000  1.000000  Syst_jetfake__mgg__sum_EB-EB_15-25 
10  lnN  1.000000  1.000000  1.000000  1.000000  1.000000  1.000000  1.000000  1.000000  1.000000  1.000000  1.185954  1.169206  1.000000  1.000000  1.000000  1.000000  1.000000  1.000000  1.000000  1.000000  1.000000  1.000000  1.000000  1.000000  Syst_jetfake__egg__sum_EE-EB_15-25 
11  lnN  1.000000  1.000000  1.000000  1.000000  1.000000  1.000000  1.178385  1.095648  1.000000  1.000000  1.000000  1.000000  1.000000  1.000000  1.000000  1.000000  1.000000  1.000000  1.000000  1.000000  1.000000  1.000000  1.000000  1.000000  Syst_jetfake__egg__sum_EB-EB_15-25 
12  lnN  1.000000  1.000000  1.000000  1.000000  1.000000  1.000000  1.000000  1.000000  1.000000  1.000000  1.000000  1.152550  1.000000  1.000000  1.000000  1.000000  1.000000  1.000000  1.000000  1.000000  1.000000  1.000000  1.000000  1.000000  EleSyst_elefake__egg_EE-EB_15-25 
13  lnN  1.100000  1.100000  1.000000  1.000000  1.100000  1.100000  1.000000  1.000000  1.100000  1.100000  1.000000  1.000000  1.100000  1.100000  1.000000  1.000000  1.100000  1.100000  1.000000  1.000000  1.100000  1.100000  1.000000  1.000000  Lumi 
14  lnN  1.000000  1.000000  1.100000  1.000000  1.000000  1.000000  1.100000  1.000000  1.000000  1.000000  1.100000  1.000000  1.000000  1.000000  1.100000  1.000000  1.000000  1.000000  1.100000  1.000000  1.000000  1.000000  1.100000  1.000000  Syst_jetfake_closure 
15  lnN  1.000000  1.000000  1.000000  1.000000  1.000000  1.000000  1.000000  1.316288  1.000000  1.000000  1.000000  1.000000  1.000000  1.000000  1.000000  1.000000  1.000000  1.000000  1.000000  1.000000  1.000000  1.000000  1.000000  1.000000  Stat_elefake__egg_EB-EB_15-25 
16  lnN  1.000000  1.150000  1.000000  1.000000  1.000000  1.150000  1.000000  1.000000  1.000000  1.150000  1.000000  1.000000  1.000000  1.150000  1.000000  1.000000  1.000000  1.150000  1.000000  1.000000  1.000000  1.150000  1.000000  1.000000  Normalization 
17  lnN  1.000000  1.000000  1.000000  1.000000  1.000000  1.000000  1.000000  1.000000  1.000000  1.000000  1.000000  1.000000  1.000000  1.000000  1.000000  1.000000  1.000000  1.000000  1.000000  1.000000  1.000000  1.000000  1.050448  1.000000  Stat_jetfake__mgg__sum_EE-EB_15-25 
18  lnN  1.000000  1.000000  1.000000  1.000000  1.000000  1.000000  1.000000  1.000000  1.000000  1.000000  1.000000  1.000000  1.000000  1.000000  1.000000  1.000000  1.000000  1.000000  1.000000  1.000000  1.000000  1.000000  1.133671  1.000000  Syst_jetfake__mgg__sum_EE-EB_15-25 
19  lnN  1.000000  1.000000  1.000000  7.277152  1.000000  1.000000  1.000000  1.000000  1.000000  1.000000  1.000000  1.000000  1.000000  1.000000  1.000000  1.000000  1.000000  1.000000  1.000000  1.000000  1.000000  1.000000  1.000000  1.000000  Stat_elefake__egg_EB-EE_15-25 
20  lnN  1.000000  1.000000  1.000000  1.150000  1.000000  1.000000  1.000000  1.150000  1.000000  1.000000  1.000000  1.150000  1.000000  1.000000  1.000000  1.000000  1.000000  1.000000  1.000000  1.000000  1.000000  1.000000  1.000000  1.000000  Syst_elefake_closure 
21  lnN  1.000000  1.000000  1.000000  1.000000  1.000000  1.000000  1.051654  1.000000  1.000000  1.000000  1.000000  1.000000  1.000000  1.000000  1.000000  1.000000  1.000000  1.000000  1.000000  1.000000  1.000000  1.000000  1.000000  1.000000  Stat_jetfake__egg__sum_EB-EB_15-25 
