Wgg Fit allbin_fit 2014-8-7
imax 12 number of channels
jmax 3 number of backgrounds
kmax 4 number of systematics
Observation 89.474407  2.859936  16.140705  14.565086  57.268486  39.091327  22.009830  31.899247  47.629089  17.286562  46.674988  3.658226
bin 1  1  1  1  2  2  2  2  3  3  3  3  4  4  4  4  5  5  5  5  6  6  6  6  7  7  7  7  8  8  8  8  9  9  9  9  10  10  10  10  11  11  11  11  12  12  12  12
process signal  jetfake_real_fake  jetfake_fake_real  jetfake_fake_fake  signal  jetfake_real_fake  jetfake_fake_real  jetfake_fake_fake  signal  jetfake_real_fake  jetfake_fake_real  jetfake_fake_fake  signal  jetfake_real_fake  jetfake_fake_real  jetfake_fake_fake  signal  jetfake_real_fake  jetfake_fake_real  jetfake_fake_fake  signal  jetfake_real_fake  jetfake_fake_real  jetfake_fake_fake  signal  jetfake_real_fake  jetfake_fake_real  jetfake_fake_fake  signal  jetfake_real_fake  jetfake_fake_real  jetfake_fake_fake  signal  jetfake_real_fake  jetfake_fake_real  jetfake_fake_fake  signal  jetfake_real_fake  jetfake_fake_real  jetfake_fake_fake  signal  jetfake_real_fake  jetfake_fake_real  jetfake_fake_fake  signal  jetfake_real_fake  jetfake_fake_real  jetfake_fake_fake
process 0  1  2  3  0  1  2  3  0  1  2  3  0  1  2  3  0  1  2  3  0  1  2  3  0  1  2  3  0  1  2  3  0  1  2  3  0  1  2  3  0  1  2  3  0  1  2  3
rate 11.698854  19.178478  19.100933  15.465475  2.201389  1.323439  0.000000  0.000000  4.103938  5.571016  3.303803  1.861986  3.956820  0.752245  -4.491627  8.767885  6.621562  -0.206069  7.568376  31.537149  2.252359  13.229289  -10.525216  23.103582  3.580435  13.985243  0.072433  8.509090  2.328072  6.644549  -2.961353  25.418509  3.122427  26.234525  3.180754  5.269717  8.496548  2.669991  13.602928  -0.798584  13.930266  14.465378  0.985888  6.653443  2.002908  0.866791  0.000000  -0.007503
0  lnN  1.000000  1.000000  1.000000  1.000000  1.000000  1.000000  1.000000  1.000000  1.000000  1.000000  1.000000  1.000000  1.000000  1.000000  1.000000  1.000000  1.000000  1.000000  1.000000  1.000000  1.000000  1.000000  1.000000  1.000000  1.000000  1.000000  1.000000  1.000000  1.000000  1.000000  1.000000  1.000000  1.000000  1.000000  1.000000  1.000000  1.000000  1.000000  1.000000  1.000000  1.000000  1.000000  1.000000  1.000000  1.000000  1.000000  1.000000  1.000000  Stat_jetfake_fake_real 
1  lnN  1.000000  1.000000  1.000000  1.000000  1.000000  1.000000  1.000000  1.000000  1.000000  1.000000  1.000000  1.000000  1.000000  1.000000  1.000000  1.000000  1.000000  1.000000  1.000000  1.000000  1.000000  1.000000  1.000000  1.000000  1.000000  1.000000  1.000000  1.000000  1.000000  1.000000  1.000000  1.000000  1.000000  1.000000  1.000000  1.000000  1.000000  1.000000  1.000000  1.000000  1.000000  1.000000  1.000000  1.000000  1.000000  1.000000  1.000000  1.000000  Stat_jetfake_fake_fake 
2  lnN  1.000000  1.000000  1.000000  1.000000  1.000000  1.000000  1.000000  1.000000  1.000000  1.000000  1.000000  1.000000  1.000000  1.000000  1.000000  1.000000  1.000000  1.000000  1.000000  1.000000  1.000000  1.000000  1.000000  1.000000  1.000000  1.000000  1.000000  1.000000  1.000000  1.000000  1.000000  1.000000  1.000000  1.000000  1.000000  1.000000  1.000000  1.000000  1.000000  1.000000  1.000000  1.000000  1.000000  1.000000  1.000000  1.000000  1.000000  1.000000  Stat_jetfake_real_fake 
3  lnN  1.100000  1.000000  1.000000  1.000000  1.100000  1.000000  1.000000  1.000000  1.100000  1.000000  1.000000  1.000000  1.100000  1.000000  1.000000  1.000000  1.100000  1.000000  1.000000  1.000000  1.100000  1.000000  1.000000  1.000000  1.100000  1.000000  1.000000  1.000000  1.100000  1.000000  1.000000  1.000000  1.100000  1.000000  1.000000  1.000000  1.100000  1.000000  1.000000  1.000000  1.100000  1.000000  1.000000  1.000000  1.100000  1.000000  1.000000  1.000000  Lumi 
